  (module "Resistor_SMD:R_0603_1608Metric" (layer "F.Cu") (tedit 5B301BBD) (tstamp 5C6D18E8)
    (at 54.96 32.150428 180)
    (descr "Resistor SMD 0603 (1608 Metric), square (rectangular) end terminal, IPC_7351 nominal, (Body size source: http://www.tortai-tech.com/upload/download/2011102023233369053.pdf), generated with kicad-footprint-generator")
    (tags "resistor")
    (path "/5BA7154C/5EA59F26")
    (attr smd)
    (fp_text reference "R27" (at 0 -1.17) (layer "F.SilkS")
      (effects (font (size 1 1) (thickness 0.15)))
    )
    (fp_text value "100" (at 0 1.17) (layer "F.Fab")
      (effects (font (size 1 1) (thickness 0.15)))
    )
    (fp_line (start -0.8 0.4) (end -0.8 -0.4) (layer "F.Fab") (width 0.1))
    (fp_line (start -0.8 -0.4) (end 0.8 -0.4) (layer "F.Fab") (width 0.1))
    (fp_line (start 0.8 -0.4) (end 0.8 0.4) (layer "F.Fab") (width 0.1))
    (fp_line (start 0.8 0.4) (end -0.8 0.4) (layer "F.Fab") (width 0.1))
    (fp_line (start -0.162779 -0.51) (end 0.162779 -0.51) (layer "F.SilkS") (width 0.12))
    (fp_line (start -0.162779 0.51) (end 0.162779 0.51) (layer "F.SilkS") (width 0.12))
    (fp_line (start -1.48 0.73) (end -1.48 -0.73) (layer "F.CrtYd") (width 0.05))
    (fp_line (start -1.48 -0.73) (end 1.48 -0.73) (layer "F.CrtYd") (width 0.05))
    (fp_line (start 1.48 -0.73) (end 1.48 0.73) (layer "F.CrtYd") (width 0.05))
    (fp_line (start 1.48 0.73) (end -1.48 0.73) (layer "F.CrtYd") (width 0.05))
    (fp_text user "%R" (at 0 0) (layer "F.Fab")
      (effects (font (size 0.25 0.25) (thickness 0.04)))
    )
    (pad "2" smd roundrect (at 0.7875 0 180) (size 0.875 0.95) (layers "F.Cu" "F.Paste" "F.Mask") (roundrect_rratio 0.25)
      (net 91 "/LED_Driver/CS4"))
    (pad "1" smd roundrect (at -0.7875 0 180) (size 0.875 0.95) (layers "F.Cu" "F.Paste" "F.Mask") (roundrect_rratio 0.25)
      (net 42 "LED_CS_9_B"))
    (model "${KISYS3DMOD}/Resistor_SMD.3dshapes/R_0603_1608Metric.wrl"
      (at (xyz 0 0 0))
      (scale (xyz 1 1 1))
      (rotate (xyz 0 0 0))
    )
  )

  (module "Resistor_SMD:R_0603_1608Metric" (layer "F.Cu") (tedit 5B301BBD) (tstamp 5C6C1B24)
    (at 38.21 21.650428)
    (descr "Resistor SMD 0603 (1608 Metric), square (rectangular) end terminal, IPC_7351 nominal, (Body size source: http://www.tortai-tech.com/upload/download/2011102023233369053.pdf), generated with kicad-footprint-generator")
    (tags "resistor")
    (path "/5BA7154C/5E647F99")
    (attr smd)
    (fp_text reference "R28" (at 0 -1.17 180) (layer "F.SilkS")
      (effects (font (size 1 1) (thickness 0.15)))
    )
    (fp_text value "140" (at 0 1.17 180) (layer "F.Fab")
      (effects (font (size 1 1) (thickness 0.15)))
    )
    (fp_line (start -0.8 0.4) (end -0.8 -0.4) (layer "F.Fab") (width 0.1))
    (fp_line (start -0.8 -0.4) (end 0.8 -0.4) (layer "F.Fab") (width 0.1))
    (fp_line (start 0.8 -0.4) (end 0.8 0.4) (layer "F.Fab") (width 0.1))
    (fp_line (start 0.8 0.4) (end -0.8 0.4) (layer "F.Fab") (width 0.1))
    (fp_line (start -0.162779 -0.51) (end 0.162779 -0.51) (layer "F.SilkS") (width 0.12))
    (fp_line (start -0.162779 0.51) (end 0.162779 0.51) (layer "F.SilkS") (width 0.12))
    (fp_line (start -1.48 0.73) (end -1.48 -0.73) (layer "F.CrtYd") (width 0.05))
    (fp_line (start -1.48 -0.73) (end 1.48 -0.73) (layer "F.CrtYd") (width 0.05))
    (fp_line (start 1.48 -0.73) (end 1.48 0.73) (layer "F.CrtYd") (width 0.05))
    (fp_line (start 1.48 0.73) (end -1.48 0.73) (layer "F.CrtYd") (width 0.05))
    (fp_text user "%R" (at 0 0 180) (layer "F.Fab")
      (effects (font (size 0.25 0.25) (thickness 0.04)))
    )
    (pad "2" smd roundrect (at 0.7875 0) (size 0.875 0.95) (layers "F.Cu" "F.Paste" "F.Mask") (roundrect_rratio 0.25)
      (net 68 "/LED_Driver/CS27"))
    (pad "1" smd roundrect (at -0.7875 0) (size 0.875 0.95) (layers "F.Cu" "F.Paste" "F.Mask") (roundrect_rratio 0.25)
      (net 38 "LED_CS_8_R"))
    (model "${KISYS3DMOD}/Resistor_SMD.3dshapes/R_0603_1608Metric.wrl"
      (at (xyz 0 0 0))
      (scale (xyz 1 1 1))
      (rotate (xyz 0 0 0))
    )
  )

  (module "Resistor_SMD:R_0603_1608Metric" (layer "F.Cu") (tedit 5B301BBD) (tstamp 5C697BB2)
    (at 61.96 22.400428 180)
    (descr "Resistor SMD 0603 (1608 Metric), square (rectangular) end terminal, IPC_7351 nominal, (Body size source: http://www.tortai-tech.com/upload/download/2011102023233369053.pdf), generated with kicad-footprint-generator")
    (tags "resistor")
    (path "/5BA7154C/5E236CB6")
    (attr smd)
    (fp_text reference "R34" (at 0 -1.17) (layer "F.SilkS")
      (effects (font (size 1 1) (thickness 0.15)))
    )
    (fp_text value "140" (at 0 1.17) (layer "F.Fab")
      (effects (font (size 1 1) (thickness 0.15)))
    )
    (fp_line (start -0.8 0.4) (end -0.8 -0.4) (layer "F.Fab") (width 0.1))
    (fp_line (start -0.8 -0.4) (end 0.8 -0.4) (layer "F.Fab") (width 0.1))
    (fp_line (start 0.8 -0.4) (end 0.8 0.4) (layer "F.Fab") (width 0.1))
    (fp_line (start 0.8 0.4) (end -0.8 0.4) (layer "F.Fab") (width 0.1))
    (fp_line (start -0.162779 -0.51) (end 0.162779 -0.51) (layer "F.SilkS") (width 0.12))
    (fp_line (start -0.162779 0.51) (end 0.162779 0.51) (layer "F.SilkS") (width 0.12))
    (fp_line (start -1.48 0.73) (end -1.48 -0.73) (layer "F.CrtYd") (width 0.05))
    (fp_line (start -1.48 -0.73) (end 1.48 -0.73) (layer "F.CrtYd") (width 0.05))
    (fp_line (start 1.48 -0.73) (end 1.48 0.73) (layer "F.CrtYd") (width 0.05))
    (fp_line (start 1.48 0.73) (end -1.48 0.73) (layer "F.CrtYd") (width 0.05))
    (fp_text user "%R" (at 0 0) (layer "F.Fab")
      (effects (font (size 0.25 0.25) (thickness 0.04)))
    )
    (pad "2" smd roundrect (at 0.7875 0 180) (size 0.875 0.95) (layers "F.Cu" "F.Paste" "F.Mask") (roundrect_rratio 0.25)
      (net 74 "/LED_Driver/CS21"))
    (pad "1" smd roundrect (at -0.7875 0 180) (size 0.875 0.95) (layers "F.Cu" "F.Paste" "F.Mask") (roundrect_rratio 0.25)
      (net 32 "LED_CS_6_R"))
    (model "${KISYS3DMOD}/Resistor_SMD.3dshapes/R_0603_1608Metric.wrl"
      (at (xyz 0 0 0))
      (scale (xyz 1 1 1))
      (rotate (xyz 0 0 0))
    )
  )

  (module "Capacitor_SMD:C_0603_1608Metric" (layer "F.Cu") (tedit 5B301BBE) (tstamp 5C6E5D14)
    (at 20.21 30.900428)
    (descr "Capacitor SMD 0603 (1608 Metric), square (rectangular) end terminal, IPC_7351 nominal, (Body size source: http://www.tortai-tech.com/upload/download/2011102023233369053.pdf), generated with kicad-footprint-generator")
    (tags "capacitor")
    (path "/5BA7154C/5B5FB1E7")
    (attr smd)
    (fp_text reference "R12" (at 0 -1.17 180) (layer "F.SilkS")
      (effects (font (size 1 1) (thickness 0.15)))
    )
    (fp_text value "100K" (at 0 1.17 180) (layer "F.Fab")
      (effects (font (size 1 1) (thickness 0.15)))
    )
    (fp_line (start -0.8 0.4) (end -0.8 -0.4) (layer "F.Fab") (width 0.1))
    (fp_line (start -0.8 -0.4) (end 0.8 -0.4) (layer "F.Fab") (width 0.1))
    (fp_line (start 0.8 -0.4) (end 0.8 0.4) (layer "F.Fab") (width 0.1))
    (fp_line (start 0.8 0.4) (end -0.8 0.4) (layer "F.Fab") (width 0.1))
    (fp_line (start -0.162779 -0.51) (end 0.162779 -0.51) (layer "F.SilkS") (width 0.12))
    (fp_line (start -0.162779 0.51) (end 0.162779 0.51) (layer "F.SilkS") (width 0.12))
    (fp_line (start -1.48 0.73) (end -1.48 -0.73) (layer "F.CrtYd") (width 0.05))
    (fp_line (start -1.48 -0.73) (end 1.48 -0.73) (layer "F.CrtYd") (width 0.05))
    (fp_line (start 1.48 -0.73) (end 1.48 0.73) (layer "F.CrtYd") (width 0.05))
    (fp_line (start 1.48 0.73) (end -1.48 0.73) (layer "F.CrtYd") (width 0.05))
    (fp_text user "%R" (at 0 0 180) (layer "F.Fab")
      (effects (font (size 0.25 0.25) (thickness 0.04)))
    )
    (pad "2" smd roundrect (at 0.7875 0) (size 0.875 0.95) (layers "F.Cu" "F.Paste" "F.Mask") (roundrect_rratio 0.25)
      (net 12 "LED_DRIVER_SDB"))
    (pad "1" smd roundrect (at -0.7875 0) (size 0.875 0.95) (layers "F.Cu" "F.Paste" "F.Mask") (roundrect_rratio 0.25)
      (net 1 "GND"))
    (model "${KISYS3DMOD}/Capacitor_SMD.3dshapes/C_0603_1608Metric.wrl"
      (at (xyz 0 0 0))
      (scale (xyz 1 1 1))
      (rotate (xyz 0 0 0))
    )
  )

  (module "Capacitor_SMD:C_0603_1608Metric" (layer "F.Cu") (tedit 5B301BBE) (tstamp 5C697A59)
    (at 20.21 27.900428)
    (descr "Capacitor SMD 0603 (1608 Metric), square (rectangular) end terminal, IPC_7351 nominal, (Body size source: http://www.tortai-tech.com/upload/download/2011102023233369053.pdf), generated with kicad-footprint-generator")
    (tags "capacitor")
    (path "/5BA7154C/5B5FB1CE")
    (attr smd)
    (fp_text reference "R11" (at 0 -1.17 180) (layer "F.SilkS")
      (effects (font (size 1 1) (thickness 0.15)))
    )
    (fp_text value "1K" (at 0 1.17 180) (layer "F.Fab")
      (effects (font (size 1 1) (thickness 0.15)))
    )
    (fp_line (start -0.8 0.4) (end -0.8 -0.4) (layer "F.Fab") (width 0.1))
    (fp_line (start -0.8 -0.4) (end 0.8 -0.4) (layer "F.Fab") (width 0.1))
    (fp_line (start 0.8 -0.4) (end 0.8 0.4) (layer "F.Fab") (width 0.1))
    (fp_line (start 0.8 0.4) (end -0.8 0.4) (layer "F.Fab") (width 0.1))
    (fp_line (start -0.162779 -0.51) (end 0.162779 -0.51) (layer "F.SilkS") (width 0.12))
    (fp_line (start -0.162779 0.51) (end 0.162779 0.51) (layer "F.SilkS") (width 0.12))
    (fp_line (start -1.48 0.73) (end -1.48 -0.73) (layer "F.CrtYd") (width 0.05))
    (fp_line (start -1.48 -0.73) (end 1.48 -0.73) (layer "F.CrtYd") (width 0.05))
    (fp_line (start 1.48 -0.73) (end 1.48 0.73) (layer "F.CrtYd") (width 0.05))
    (fp_line (start 1.48 0.73) (end -1.48 0.73) (layer "F.CrtYd") (width 0.05))
    (fp_text user "%R" (at 0 0 180) (layer "F.Fab")
      (effects (font (size 0.25 0.25) (thickness 0.04)))
    )
    (pad "2" smd roundrect (at 0.7875 0) (size 0.875 0.95) (layers "F.Cu" "F.Paste" "F.Mask") (roundrect_rratio 0.25)
      (net 16 "SCL"))
    (pad "1" smd roundrect (at -0.7875 0) (size 0.875 0.95) (layers "F.Cu" "F.Paste" "F.Mask") (roundrect_rratio 0.25)
      (net 11 "+5V"))
    (model "${KISYS3DMOD}/Capacitor_SMD.3dshapes/C_0603_1608Metric.wrl"
      (at (xyz 0 0 0))
      (scale (xyz 1 1 1))
      (rotate (xyz 0 0 0))
    )
  )

  (module "Capacitor_SMD:C_0603_1608Metric" (layer "F.Cu") (tedit 5B301BBE) (tstamp 5C697A3B)
    (at 20.21 26.400428)
    (descr "Capacitor SMD 0603 (1608 Metric), square (rectangular) end terminal, IPC_7351 nominal, (Body size source: http://www.tortai-tech.com/upload/download/2011102023233369053.pdf), generated with kicad-footprint-generator")
    (tags "capacitor")
    (path "/5BA7154C/5B5FB1C4")
    (attr smd)
    (fp_text reference "R9" (at 0 -1.17 180) (layer "F.SilkS")
      (effects (font (size 1 1) (thickness 0.15)))
    )
    (fp_text value "1K" (at 0 1.17 180) (layer "F.Fab")
      (effects (font (size 1 1) (thickness 0.15)))
    )
    (fp_line (start -0.8 0.4) (end -0.8 -0.4) (layer "F.Fab") (width 0.1))
    (fp_line (start -0.8 -0.4) (end 0.8 -0.4) (layer "F.Fab") (width 0.1))
    (fp_line (start 0.8 -0.4) (end 0.8 0.4) (layer "F.Fab") (width 0.1))
    (fp_line (start 0.8 0.4) (end -0.8 0.4) (layer "F.Fab") (width 0.1))
    (fp_line (start -0.162779 -0.51) (end 0.162779 -0.51) (layer "F.SilkS") (width 0.12))
    (fp_line (start -0.162779 0.51) (end 0.162779 0.51) (layer "F.SilkS") (width 0.12))
    (fp_line (start -1.48 0.73) (end -1.48 -0.73) (layer "F.CrtYd") (width 0.05))
    (fp_line (start -1.48 -0.73) (end 1.48 -0.73) (layer "F.CrtYd") (width 0.05))
    (fp_line (start 1.48 -0.73) (end 1.48 0.73) (layer "F.CrtYd") (width 0.05))
    (fp_line (start 1.48 0.73) (end -1.48 0.73) (layer "F.CrtYd") (width 0.05))
    (fp_text user "%R" (at 0 0 180) (layer "F.Fab")
      (effects (font (size 0.25 0.25) (thickness 0.04)))
    )
    (pad "2" smd roundrect (at 0.7875 0) (size 0.875 0.95) (layers "F.Cu" "F.Paste" "F.Mask") (roundrect_rratio 0.25)
      (net 14 "SDA"))
    (pad "1" smd roundrect (at -0.7875 0) (size 0.875 0.95) (layers "F.Cu" "F.Paste" "F.Mask") (roundrect_rratio 0.25)
      (net 11 "+5V"))
    (model "${KISYS3DMOD}/Capacitor_SMD.3dshapes/C_0603_1608Metric.wrl"
      (at (xyz 0 0 0))
      (scale (xyz 1 1 1))
      (rotate (xyz 0 0 0))
    )
  )

  (module "Capacitor_SMD:C_0603_1608Metric" (layer "F.Cu") (tedit 5B301BBE) (tstamp 5C6E5C84)
    (at 20.21 24.900428 180)
    (descr "Capacitor SMD 0603 (1608 Metric), square (rectangular) end terminal, IPC_7351 nominal, (Body size source: http://www.tortai-tech.com/upload/download/2011102023233369053.pdf), generated with kicad-footprint-generator")
    (tags "capacitor")
    (path "/5BA7154C/5B5FB1BA")
    (attr smd)
    (fp_text reference "R8" (at 0 -1.17) (layer "F.SilkS")
      (effects (font (size 1 1) (thickness 0.15)))
    )
    (fp_text value "100K" (at 0 1.17) (layer "F.Fab")
      (effects (font (size 1 1) (thickness 0.15)))
    )
    (fp_line (start -0.8 0.4) (end -0.8 -0.4) (layer "F.Fab") (width 0.1))
    (fp_line (start -0.8 -0.4) (end 0.8 -0.4) (layer "F.Fab") (width 0.1))
    (fp_line (start 0.8 -0.4) (end 0.8 0.4) (layer "F.Fab") (width 0.1))
    (fp_line (start 0.8 0.4) (end -0.8 0.4) (layer "F.Fab") (width 0.1))
    (fp_line (start -0.162779 -0.51) (end 0.162779 -0.51) (layer "F.SilkS") (width 0.12))
    (fp_line (start -0.162779 0.51) (end 0.162779 0.51) (layer "F.SilkS") (width 0.12))
    (fp_line (start -1.48 0.73) (end -1.48 -0.73) (layer "F.CrtYd") (width 0.05))
    (fp_line (start -1.48 -0.73) (end 1.48 -0.73) (layer "F.CrtYd") (width 0.05))
    (fp_line (start 1.48 -0.73) (end 1.48 0.73) (layer "F.CrtYd") (width 0.05))
    (fp_line (start 1.48 0.73) (end -1.48 0.73) (layer "F.CrtYd") (width 0.05))
    (fp_text user "%R" (at 0 0) (layer "F.Fab")
      (effects (font (size 0.25 0.25) (thickness 0.04)))
    )
    (pad "2" smd roundrect (at 0.7875 0 180) (size 0.875 0.95) (layers "F.Cu" "F.Paste" "F.Mask") (roundrect_rratio 0.25)
      (net 11 "+5V"))
    (pad "1" smd roundrect (at -0.7875 0 180) (size 0.875 0.95) (layers "F.Cu" "F.Paste" "F.Mask") (roundrect_rratio 0.25)
      (net 13 "LED_DRIVER_INTB"))
    (model "${KISYS3DMOD}/Capacitor_SMD.3dshapes/C_0603_1608Metric.wrl"
      (at (xyz 0 0 0))
      (scale (xyz 1 1 1))
      (rotate (xyz 0 0 0))
    )
  )

  (module "Capacitor_SMD:C_0603_1608Metric" (layer "F.Cu") (tedit 5B301BBE) (tstamp 5C6E5CE4)
    (at 20.21 29.400428 180)
    (descr "Capacitor SMD 0603 (1608 Metric), square (rectangular) end terminal, IPC_7351 nominal, (Body size source: http://www.tortai-tech.com/upload/download/2011102023233369053.pdf), generated with kicad-footprint-generator")
    (tags "capacitor")
    (path "/5BA7154C/5B5FB1F1")
    (attr smd)
    (fp_text reference "C20" (at 0 -1.17) (layer "F.SilkS")
      (effects (font (size 1 1) (thickness 0.15)))
    )
    (fp_text value "100nF" (at 0 1.17) (layer "F.Fab")
      (effects (font (size 1 1) (thickness 0.15)))
    )
    (fp_line (start -0.8 0.4) (end -0.8 -0.4) (layer "F.Fab") (width 0.1))
    (fp_line (start -0.8 -0.4) (end 0.8 -0.4) (layer "F.Fab") (width 0.1))
    (fp_line (start 0.8 -0.4) (end 0.8 0.4) (layer "F.Fab") (width 0.1))
    (fp_line (start 0.8 0.4) (end -0.8 0.4) (layer "F.Fab") (width 0.1))
    (fp_line (start -0.162779 -0.51) (end 0.162779 -0.51) (layer "F.SilkS") (width 0.12))
    (fp_line (start -0.162779 0.51) (end 0.162779 0.51) (layer "F.SilkS") (width 0.12))
    (fp_line (start -1.48 0.73) (end -1.48 -0.73) (layer "F.CrtYd") (width 0.05))
    (fp_line (start -1.48 -0.73) (end 1.48 -0.73) (layer "F.CrtYd") (width 0.05))
    (fp_line (start 1.48 -0.73) (end 1.48 0.73) (layer "F.CrtYd") (width 0.05))
    (fp_line (start 1.48 0.73) (end -1.48 0.73) (layer "F.CrtYd") (width 0.05))
    (fp_text user "%R" (at 0 0) (layer "F.Fab")
      (effects (font (size 0.25 0.25) (thickness 0.04)))
    )
    (pad "2" smd roundrect (at 0.7875 0 180) (size 0.875 0.95) (layers "F.Cu" "F.Paste" "F.Mask") (roundrect_rratio 0.25)
      (net 1 "GND"))
    (pad "1" smd roundrect (at -0.7875 0 180) (size 0.875 0.95) (layers "F.Cu" "F.Paste" "F.Mask") (roundrect_rratio 0.25)
      (net 12 "LED_DRIVER_SDB"))
    (model "${KISYS3DMOD}/Capacitor_SMD.3dshapes/C_0603_1608Metric.wrl"
      (at (xyz 0 0 0))
      (scale (xyz 1 1 1))
      (rotate (xyz 0 0 0))
    )
  )

  (module "Capacitor_SMD:C_0603_1608Metric" (layer "F.Cu") (tedit 5B301BBE) (tstamp 5C6D2793)
    (at 49.71 32.900428)
    (descr "Capacitor SMD 0603 (1608 Metric), square (rectangular) end terminal, IPC_7351 nominal, (Body size source: http://www.tortai-tech.com/upload/download/2011102023233369053.pdf), generated with kicad-footprint-generator")
    (tags "capacitor")
    (path "/5BA7154C/5B5FB217")
    (attr smd)
    (fp_text reference "C19" (at -2.71 0.099572 180) (layer "F.SilkS")
      (effects (font (size 1 1) (thickness 0.15)))
    )
    (fp_text value "100nF" (at 0 1.17 180) (layer "F.Fab")
      (effects (font (size 1 1) (thickness 0.15)))
    )
    (fp_line (start -0.8 0.4) (end -0.8 -0.4) (layer "F.Fab") (width 0.1))
    (fp_line (start -0.8 -0.4) (end 0.8 -0.4) (layer "F.Fab") (width 0.1))
    (fp_line (start 0.8 -0.4) (end 0.8 0.4) (layer "F.Fab") (width 0.1))
    (fp_line (start 0.8 0.4) (end -0.8 0.4) (layer "F.Fab") (width 0.1))
    (fp_line (start -0.162779 -0.51) (end 0.162779 -0.51) (layer "F.SilkS") (width 0.12))
    (fp_line (start -0.162779 0.51) (end 0.162779 0.51) (layer "F.SilkS") (width 0.12))
    (fp_line (start -1.48 0.73) (end -1.48 -0.73) (layer "F.CrtYd") (width 0.05))
    (fp_line (start -1.48 -0.73) (end 1.48 -0.73) (layer "F.CrtYd") (width 0.05))
    (fp_line (start 1.48 -0.73) (end 1.48 0.73) (layer "F.CrtYd") (width 0.05))
    (fp_line (start 1.48 0.73) (end -1.48 0.73) (layer "F.CrtYd") (width 0.05))
    (fp_text user "%R" (at 0 0 180) (layer "F.Fab")
      (effects (font (size 0.25 0.25) (thickness 0.04)))
    )
    (pad "2" smd roundrect (at 0.7875 0) (size 0.875 0.95) (layers "F.Cu" "F.Paste" "F.Mask") (roundrect_rratio 0.25)
      (net 1 "GND"))
    (pad "1" smd roundrect (at -0.7875 0) (size 0.875 0.95) (layers "F.Cu" "F.Paste" "F.Mask") (roundrect_rratio 0.25)
      (net 11 "+5V"))
    (model "${KISYS3DMOD}/Capacitor_SMD.3dshapes/C_0603_1608Metric.wrl"
      (at (xyz 0 0 0))
      (scale (xyz 1 1 1))
      (rotate (xyz 0 0 0))
    )
  )

  (module "Capacitor_SMD:C_0603_1608Metric" (layer "F.Cu") (tedit 5B301BBE) (tstamp 5C6E2422)
    (at 40.21 30.900428 270)
    (descr "Capacitor SMD 0603 (1608 Metric), square (rectangular) end terminal, IPC_7351 nominal, (Body size source: http://www.tortai-tech.com/upload/download/2011102023233369053.pdf), generated with kicad-footprint-generator")
    (tags "capacitor")
    (path "/5BA7154C/5B5FB223")
    (attr smd)
    (fp_text reference "C18" (at 3.099572 0.21 90) (layer "F.SilkS")
      (effects (font (size 1 1) (thickness 0.15)))
    )
    (fp_text value "100nF" (at 0 1.17 90) (layer "F.Fab")
      (effects (font (size 1 1) (thickness 0.15)))
    )
    (fp_line (start -0.8 0.4) (end -0.8 -0.4) (layer "F.Fab") (width 0.1))
    (fp_line (start -0.8 -0.4) (end 0.8 -0.4) (layer "F.Fab") (width 0.1))
    (fp_line (start 0.8 -0.4) (end 0.8 0.4) (layer "F.Fab") (width 0.1))
    (fp_line (start 0.8 0.4) (end -0.8 0.4) (layer "F.Fab") (width 0.1))
    (fp_line (start -0.162779 -0.51) (end 0.162779 -0.51) (layer "F.SilkS") (width 0.12))
    (fp_line (start -0.162779 0.51) (end 0.162779 0.51) (layer "F.SilkS") (width 0.12))
    (fp_line (start -1.48 0.73) (end -1.48 -0.73) (layer "F.CrtYd") (width 0.05))
    (fp_line (start -1.48 -0.73) (end 1.48 -0.73) (layer "F.CrtYd") (width 0.05))
    (fp_line (start 1.48 -0.73) (end 1.48 0.73) (layer "F.CrtYd") (width 0.05))
    (fp_line (start 1.48 0.73) (end -1.48 0.73) (layer "F.CrtYd") (width 0.05))
    (fp_text user "%R" (at 0 0 90) (layer "F.Fab")
      (effects (font (size 0.25 0.25) (thickness 0.04)))
    )
    (pad "2" smd roundrect (at 0.7875 0 270) (size 0.875 0.95) (layers "F.Cu" "F.Paste" "F.Mask") (roundrect_rratio 0.25)
      (net 1 "GND"))
    (pad "1" smd roundrect (at -0.7875 0 270) (size 0.875 0.95) (layers "F.Cu" "F.Paste" "F.Mask") (roundrect_rratio 0.25)
      (net 11 "+5V"))
    (model "${KISYS3DMOD}/Capacitor_SMD.3dshapes/C_0603_1608Metric.wrl"
      (at (xyz 0 0 0))
      (scale (xyz 1 1 1))
      (rotate (xyz 0 0 0))
    )
  )

  (module "Capacitor_SMD:C_0603_1608Metric" (layer "F.Cu") (tedit 5B301BBE) (tstamp 5C6B4B98)
    (at 49.71 34.400428)
    (descr "Capacitor SMD 0603 (1608 Metric), square (rectangular) end terminal, IPC_7351 nominal, (Body size source: http://www.tortai-tech.com/upload/download/2011102023233369053.pdf), generated with kicad-footprint-generator")
    (tags "capacitor")
    (path "/5BA7154C/5B5FB245")
    (attr smd)
    (fp_text reference "C17" (at -2.71 0.099572 180) (layer "F.SilkS")
      (effects (font (size 1 1) (thickness 0.15)))
    )
    (fp_text value "1uF" (at 0 1.17 180) (layer "F.Fab")
      (effects (font (size 1 1) (thickness 0.15)))
    )
    (fp_line (start -0.8 0.4) (end -0.8 -0.4) (layer "F.Fab") (width 0.1))
    (fp_line (start -0.8 -0.4) (end 0.8 -0.4) (layer "F.Fab") (width 0.1))
    (fp_line (start 0.8 -0.4) (end 0.8 0.4) (layer "F.Fab") (width 0.1))
    (fp_line (start 0.8 0.4) (end -0.8 0.4) (layer "F.Fab") (width 0.1))
    (fp_line (start -0.162779 -0.51) (end 0.162779 -0.51) (layer "F.SilkS") (width 0.12))
    (fp_line (start -0.162779 0.51) (end 0.162779 0.51) (layer "F.SilkS") (width 0.12))
    (fp_line (start -1.48 0.73) (end -1.48 -0.73) (layer "F.CrtYd") (width 0.05))
    (fp_line (start -1.48 -0.73) (end 1.48 -0.73) (layer "F.CrtYd") (width 0.05))
    (fp_line (start 1.48 -0.73) (end 1.48 0.73) (layer "F.CrtYd") (width 0.05))
    (fp_line (start 1.48 0.73) (end -1.48 0.73) (layer "F.CrtYd") (width 0.05))
    (fp_text user "%R" (at 0 0 180) (layer "F.Fab")
      (effects (font (size 0.25 0.25) (thickness 0.04)))
    )
    (pad "2" smd roundrect (at 0.7875 0) (size 0.875 0.95) (layers "F.Cu" "F.Paste" "F.Mask") (roundrect_rratio 0.25)
      (net 1 "GND"))
    (pad "1" smd roundrect (at -0.7875 0) (size 0.875 0.95) (layers "F.Cu" "F.Paste" "F.Mask") (roundrect_rratio 0.25)
      (net 11 "+5V"))
    (model "${KISYS3DMOD}/Capacitor_SMD.3dshapes/C_0603_1608Metric.wrl"
      (at (xyz 0 0 0))
      (scale (xyz 1 1 1))
      (rotate (xyz 0 0 0))
    )
  )

  (module "Capacitor_SMD:C_0603_1608Metric" (layer "F.Cu") (tedit 5B301BBE) (tstamp 5D57924F)
    (at 41.71 30.900428 270)
    (descr "Capacitor SMD 0603 (1608 Metric), square (rectangular) end terminal, IPC_7351 nominal, (Body size source: http://www.tortai-tech.com/upload/download/2011102023233369053.pdf), generated with kicad-footprint-generator")
    (tags "capacitor")
    (path "/5BA7154C/5B5FB251")
    (attr smd)
    (fp_text reference "C16" (at 3.099572 0.21 90) (layer "F.SilkS")
      (effects (font (size 1 1) (thickness 0.15)))
    )
    (fp_text value "1uF" (at 0 1.17 90) (layer "F.Fab")
      (effects (font (size 1 1) (thickness 0.15)))
    )
    (fp_line (start -0.8 0.4) (end -0.8 -0.4) (layer "F.Fab") (width 0.1))
    (fp_line (start -0.8 -0.4) (end 0.8 -0.4) (layer "F.Fab") (width 0.1))
    (fp_line (start 0.8 -0.4) (end 0.8 0.4) (layer "F.Fab") (width 0.1))
    (fp_line (start 0.8 0.4) (end -0.8 0.4) (layer "F.Fab") (width 0.1))
    (fp_line (start -0.162779 -0.51) (end 0.162779 -0.51) (layer "F.SilkS") (width 0.12))
    (fp_line (start -0.162779 0.51) (end 0.162779 0.51) (layer "F.SilkS") (width 0.12))
    (fp_line (start -1.48 0.73) (end -1.48 -0.73) (layer "F.CrtYd") (width 0.05))
    (fp_line (start -1.48 -0.73) (end 1.48 -0.73) (layer "F.CrtYd") (width 0.05))
    (fp_line (start 1.48 -0.73) (end 1.48 0.73) (layer "F.CrtYd") (width 0.05))
    (fp_line (start 1.48 0.73) (end -1.48 0.73) (layer "F.CrtYd") (width 0.05))
    (fp_text user "%R" (at 0 0 90) (layer "F.Fab")
      (effects (font (size 0.25 0.25) (thickness 0.04)))
    )
    (pad "2" smd roundrect (at 0.7875 0 270) (size 0.875 0.95) (layers "F.Cu" "F.Paste" "F.Mask") (roundrect_rratio 0.25)
      (net 1 "GND"))
    (pad "1" smd roundrect (at -0.7875 0 270) (size 0.875 0.95) (layers "F.Cu" "F.Paste" "F.Mask") (roundrect_rratio 0.25)
      (net 11 "+5V"))
    (model "${KISYS3DMOD}/Capacitor_SMD.3dshapes/C_0603_1608Metric.wrl"
      (at (xyz 0 0 0))
      (scale (xyz 1 1 1))
      (rotate (xyz 0 0 0))
    )
  )

  (module "Capacitor_SMD:C_0603_1608Metric" (layer "F.Cu") (tedit 5B301BBE) (tstamp 5C6E2452)
    (at 37.21 30.900428 270)
    (descr "Capacitor SMD 0603 (1608 Metric), square (rectangular) end terminal, IPC_7351 nominal, (Body size source: http://www.tortai-tech.com/upload/download/2011102023233369053.pdf), generated with kicad-footprint-generator")
    (tags "capacitor")
    (path "/5BA7154C/5B5FB20A")
    (attr smd)
    (fp_text reference "C15" (at 3.099572 0.21 90) (layer "F.SilkS")
      (effects (font (size 1 1) (thickness 0.15)))
    )
    (fp_text value "100nF" (at 0 1.17 90) (layer "F.Fab")
      (effects (font (size 1 1) (thickness 0.15)))
    )
    (fp_line (start -0.8 0.4) (end -0.8 -0.4) (layer "F.Fab") (width 0.1))
    (fp_line (start -0.8 -0.4) (end 0.8 -0.4) (layer "F.Fab") (width 0.1))
    (fp_line (start 0.8 -0.4) (end 0.8 0.4) (layer "F.Fab") (width 0.1))
    (fp_line (start 0.8 0.4) (end -0.8 0.4) (layer "F.Fab") (width 0.1))
    (fp_line (start -0.162779 -0.51) (end 0.162779 -0.51) (layer "F.SilkS") (width 0.12))
    (fp_line (start -0.162779 0.51) (end 0.162779 0.51) (layer "F.SilkS") (width 0.12))
    (fp_line (start -1.48 0.73) (end -1.48 -0.73) (layer "F.CrtYd") (width 0.05))
    (fp_line (start -1.48 -0.73) (end 1.48 -0.73) (layer "F.CrtYd") (width 0.05))
    (fp_line (start 1.48 -0.73) (end 1.48 0.73) (layer "F.CrtYd") (width 0.05))
    (fp_line (start 1.48 0.73) (end -1.48 0.73) (layer "F.CrtYd") (width 0.05))
    (fp_text user "%R" (at 0 0 90) (layer "F.Fab")
      (effects (font (size 0.25 0.25) (thickness 0.04)))
    )
    (pad "2" smd roundrect (at 0.7875 0 270) (size 0.875 0.95) (layers "F.Cu" "F.Paste" "F.Mask") (roundrect_rratio 0.25)
      (net 1 "GND"))
    (pad "1" smd roundrect (at -0.7875 0 270) (size 0.875 0.95) (layers "F.Cu" "F.Paste" "F.Mask") (roundrect_rratio 0.25)
      (net 11 "+5V"))
    (model "${KISYS3DMOD}/Capacitor_SMD.3dshapes/C_0603_1608Metric.wrl"
      (at (xyz 0 0 0))
      (scale (xyz 1 1 1))
      (rotate (xyz 0 0 0))
    )
  )

  (module "Capacitor_SMD:C_0603_1608Metric" (layer "F.Cu") (tedit 5B301BBE) (tstamp 5C6E24F1)
    (at 38.71 30.900428 270)
    (descr "Capacitor SMD 0603 (1608 Metric), square (rectangular) end terminal, IPC_7351 nominal, (Body size source: http://www.tortai-tech.com/upload/download/2011102023233369053.pdf), generated with kicad-footprint-generator")
    (tags "capacitor")
    (path "/5BA7154C/5B5FB22F")
    (attr smd)
    (fp_text reference "C14" (at 3.099572 0.21 90) (layer "F.SilkS")
      (effects (font (size 1 1) (thickness 0.15)))
    )
    (fp_text value "1uF" (at 0 1.17 90) (layer "F.Fab")
      (effects (font (size 1 1) (thickness 0.15)))
    )
    (fp_line (start -0.8 0.4) (end -0.8 -0.4) (layer "F.Fab") (width 0.1))
    (fp_line (start -0.8 -0.4) (end 0.8 -0.4) (layer "F.Fab") (width 0.1))
    (fp_line (start 0.8 -0.4) (end 0.8 0.4) (layer "F.Fab") (width 0.1))
    (fp_line (start 0.8 0.4) (end -0.8 0.4) (layer "F.Fab") (width 0.1))
    (fp_line (start -0.162779 -0.51) (end 0.162779 -0.51) (layer "F.SilkS") (width 0.12))
    (fp_line (start -0.162779 0.51) (end 0.162779 0.51) (layer "F.SilkS") (width 0.12))
    (fp_line (start -1.48 0.73) (end -1.48 -0.73) (layer "F.CrtYd") (width 0.05))
    (fp_line (start -1.48 -0.73) (end 1.48 -0.73) (layer "F.CrtYd") (width 0.05))
    (fp_line (start 1.48 -0.73) (end 1.48 0.73) (layer "F.CrtYd") (width 0.05))
    (fp_line (start 1.48 0.73) (end -1.48 0.73) (layer "F.CrtYd") (width 0.05))
    (fp_text user "%R" (at 0 0 90) (layer "F.Fab")
      (effects (font (size 0.25 0.25) (thickness 0.04)))
    )
    (pad "2" smd roundrect (at 0.7875 0 270) (size 0.875 0.95) (layers "F.Cu" "F.Paste" "F.Mask") (roundrect_rratio 0.25)
      (net 1 "GND"))
    (pad "1" smd roundrect (at -0.7875 0 270) (size 0.875 0.95) (layers "F.Cu" "F.Paste" "F.Mask") (roundrect_rratio 0.25)
      (net 11 "+5V"))
    (model "${KISYS3DMOD}/Capacitor_SMD.3dshapes/C_0603_1608Metric.wrl"
      (at (xyz 0 0 0))
      (scale (xyz 1 1 1))
      (rotate (xyz 0 0 0))
    )
  )

  (module "Resistor_SMD:R_0603_1608Metric" (layer "F.Cu") (tedit 5B301BBD) (tstamp 5C697CB1)
    (at 31.21 22.400428)
    (descr "Resistor SMD 0603 (1608 Metric), square (rectangular) end terminal, IPC_7351 nominal, (Body size source: http://www.tortai-tech.com/upload/download/2011102023233369053.pdf), generated with kicad-footprint-generator")
    (tags "resistor")
    (path "/5BA7154C/5C5B6948")
    (attr smd)
    (fp_text reference "R51" (at 0 -1.17 180) (layer "F.SilkS")
      (effects (font (size 1 1) (thickness 0.15)))
    )
    (fp_text value "100" (at 0 1.17 180) (layer "F.Fab")
      (effects (font (size 1 1) (thickness 0.15)))
    )
    (fp_text user "%R" (at 0 0 180) (layer "F.Fab")
      (effects (font (size 0.25 0.25) (thickness 0.04)))
    )
    (fp_line (start 1.48 0.73) (end -1.48 0.73) (layer "F.CrtYd") (width 0.05))
    (fp_line (start 1.48 -0.73) (end 1.48 0.73) (layer "F.CrtYd") (width 0.05))
    (fp_line (start -1.48 -0.73) (end 1.48 -0.73) (layer "F.CrtYd") (width 0.05))
    (fp_line (start -1.48 0.73) (end -1.48 -0.73) (layer "F.CrtYd") (width 0.05))
    (fp_line (start -0.162779 0.51) (end 0.162779 0.51) (layer "F.SilkS") (width 0.12))
    (fp_line (start -0.162779 -0.51) (end 0.162779 -0.51) (layer "F.SilkS") (width 0.12))
    (fp_line (start 0.8 0.4) (end -0.8 0.4) (layer "F.Fab") (width 0.1))
    (fp_line (start 0.8 -0.4) (end 0.8 0.4) (layer "F.Fab") (width 0.1))
    (fp_line (start -0.8 -0.4) (end 0.8 -0.4) (layer "F.Fab") (width 0.1))
    (fp_line (start -0.8 0.4) (end -0.8 -0.4) (layer "F.Fab") (width 0.1))
    (pad "1" smd roundrect (at -0.7875 0) (size 0.875 0.95) (layers "F.Cu" "F.Paste" "F.Mask") (roundrect_rratio 0.25)
      (net 18 "LED_CS_1_B"))
    (pad "2" smd roundrect (at 0.7875 0) (size 0.875 0.95) (layers "F.Cu" "F.Paste" "F.Mask") (roundrect_rratio 0.25)
      (net 67 "/LED_Driver/CS28"))
    (model "${KISYS3DMOD}/Resistor_SMD.3dshapes/R_0603_1608Metric.wrl"
      (at (xyz 0 0 0))
      (scale (xyz 1 1 1))
      (rotate (xyz 0 0 0))
    )
  )

  (module "Resistor_SMD:R_0603_1608Metric" (layer "F.Cu") (tedit 5B301BBD) (tstamp 5C6B7721)
    (at 34.71 22.900428)
    (descr "Resistor SMD 0603 (1608 Metric), square (rectangular) end terminal, IPC_7351 nominal, (Body size source: http://www.tortai-tech.com/upload/download/2011102023233369053.pdf), generated with kicad-footprint-generator")
    (tags "resistor")
    (path "/5BA7154C/5C5B694F")
    (attr smd)
    (fp_text reference "R50" (at 0 -1.17 180) (layer "F.SilkS")
      (effects (font (size 1 1) (thickness 0.15)))
    )
    (fp_text value "100" (at 0 1.17 180) (layer "F.Fab")
      (effects (font (size 1 1) (thickness 0.15)))
    )
    (fp_line (start -0.8 0.4) (end -0.8 -0.4) (layer "F.Fab") (width 0.1))
    (fp_line (start -0.8 -0.4) (end 0.8 -0.4) (layer "F.Fab") (width 0.1))
    (fp_line (start 0.8 -0.4) (end 0.8 0.4) (layer "F.Fab") (width 0.1))
    (fp_line (start 0.8 0.4) (end -0.8 0.4) (layer "F.Fab") (width 0.1))
    (fp_line (start -0.162779 -0.51) (end 0.162779 -0.51) (layer "F.SilkS") (width 0.12))
    (fp_line (start -0.162779 0.51) (end 0.162779 0.51) (layer "F.SilkS") (width 0.12))
    (fp_line (start -1.48 0.73) (end -1.48 -0.73) (layer "F.CrtYd") (width 0.05))
    (fp_line (start -1.48 -0.73) (end 1.48 -0.73) (layer "F.CrtYd") (width 0.05))
    (fp_line (start 1.48 -0.73) (end 1.48 0.73) (layer "F.CrtYd") (width 0.05))
    (fp_line (start 1.48 0.73) (end -1.48 0.73) (layer "F.CrtYd") (width 0.05))
    (fp_text user "%R" (at 0 0 180) (layer "F.Fab")
      (effects (font (size 0.25 0.25) (thickness 0.04)))
    )
    (pad "2" smd roundrect (at 0.7875 0) (size 0.875 0.95) (layers "F.Cu" "F.Paste" "F.Mask") (roundrect_rratio 0.25)
      (net 66 "/LED_Driver/CS29"))
    (pad "1" smd roundrect (at -0.7875 0) (size 0.875 0.95) (layers "F.Cu" "F.Paste" "F.Mask") (roundrect_rratio 0.25)
      (net 19 "LED_CS_1_G"))
    (model "${KISYS3DMOD}/Resistor_SMD.3dshapes/R_0603_1608Metric.wrl"
      (at (xyz 0 0 0))
      (scale (xyz 1 1 1))
      (rotate (xyz 0 0 0))
    )
  )

  (module "Resistor_SMD:R_0603_1608Metric" (layer "F.Cu") (tedit 5B301BBD) (tstamp 5C6C0D76)
    (at 38.21 23.400428)
    (descr "Resistor SMD 0603 (1608 Metric), square (rectangular) end terminal, IPC_7351 nominal, (Body size source: http://www.tortai-tech.com/upload/download/2011102023233369053.pdf), generated with kicad-footprint-generator")
    (tags "resistor")
    (path "/5BA7154C/5C5B6941")
    (attr smd)
    (fp_text reference "R49" (at 0 -1.17 180) (layer "F.SilkS")
      (effects (font (size 1 1) (thickness 0.15)))
    )
    (fp_text value "140" (at 0 1.17 180) (layer "F.Fab")
      (effects (font (size 1 1) (thickness 0.15)))
    )
    (fp_line (start -0.8 0.4) (end -0.8 -0.4) (layer "F.Fab") (width 0.1))
    (fp_line (start -0.8 -0.4) (end 0.8 -0.4) (layer "F.Fab") (width 0.1))
    (fp_line (start 0.8 -0.4) (end 0.8 0.4) (layer "F.Fab") (width 0.1))
    (fp_line (start 0.8 0.4) (end -0.8 0.4) (layer "F.Fab") (width 0.1))
    (fp_line (start -0.162779 -0.51) (end 0.162779 -0.51) (layer "F.SilkS") (width 0.12))
    (fp_line (start -0.162779 0.51) (end 0.162779 0.51) (layer "F.SilkS") (width 0.12))
    (fp_line (start -1.48 0.73) (end -1.48 -0.73) (layer "F.CrtYd") (width 0.05))
    (fp_line (start -1.48 -0.73) (end 1.48 -0.73) (layer "F.CrtYd") (width 0.05))
    (fp_line (start 1.48 -0.73) (end 1.48 0.73) (layer "F.CrtYd") (width 0.05))
    (fp_line (start 1.48 0.73) (end -1.48 0.73) (layer "F.CrtYd") (width 0.05))
    (fp_text user "%R" (at 0 0 180) (layer "F.Fab")
      (effects (font (size 0.25 0.25) (thickness 0.04)))
    )
    (pad "2" smd roundrect (at 0.7875 0) (size 0.875 0.95) (layers "F.Cu" "F.Paste" "F.Mask") (roundrect_rratio 0.25)
      (net 65 "/LED_Driver/CS30"))
    (pad "1" smd roundrect (at -0.7875 0) (size 0.875 0.95) (layers "F.Cu" "F.Paste" "F.Mask") (roundrect_rratio 0.25)
      (net 17 "LED_CS_1_R"))
    (model "${KISYS3DMOD}/Resistor_SMD.3dshapes/R_0603_1608Metric.wrl"
      (at (xyz 0 0 0))
      (scale (xyz 1 1 1))
      (rotate (xyz 0 0 0))
    )
  )

  (module "Resistor_SMD:R_0603_1608Metric" (layer "F.Cu") (tedit 5B301BBD) (tstamp 5C6BC6AB)
    (at 31.21 24.150428)
    (descr "Resistor SMD 0603 (1608 Metric), square (rectangular) end terminal, IPC_7351 nominal, (Body size source: http://www.tortai-tech.com/upload/download/2011102023233369053.pdf), generated with kicad-footprint-generator")
    (tags "resistor")
    (path "/5BA7154C/5B5FB34A")
    (attr smd)
    (fp_text reference "R48" (at 0 -1.17 180) (layer "F.SilkS")
      (effects (font (size 1 1) (thickness 0.15)))
    )
    (fp_text value "100" (at 0 1.17 180) (layer "F.Fab")
      (effects (font (size 1 1) (thickness 0.15)))
    )
    (fp_text user "%R" (at 0 0 180) (layer "F.Fab")
      (effects (font (size 0.25 0.25) (thickness 0.04)))
    )
    (fp_line (start 1.48 0.73) (end -1.48 0.73) (layer "F.CrtYd") (width 0.05))
    (fp_line (start 1.48 -0.73) (end 1.48 0.73) (layer "F.CrtYd") (width 0.05))
    (fp_line (start -1.48 -0.73) (end 1.48 -0.73) (layer "F.CrtYd") (width 0.05))
    (fp_line (start -1.48 0.73) (end -1.48 -0.73) (layer "F.CrtYd") (width 0.05))
    (fp_line (start -0.162779 0.51) (end 0.162779 0.51) (layer "F.SilkS") (width 0.12))
    (fp_line (start -0.162779 -0.51) (end 0.162779 -0.51) (layer "F.SilkS") (width 0.12))
    (fp_line (start 0.8 0.4) (end -0.8 0.4) (layer "F.Fab") (width 0.1))
    (fp_line (start 0.8 -0.4) (end 0.8 0.4) (layer "F.Fab") (width 0.1))
    (fp_line (start -0.8 -0.4) (end 0.8 -0.4) (layer "F.Fab") (width 0.1))
    (fp_line (start -0.8 0.4) (end -0.8 -0.4) (layer "F.Fab") (width 0.1))
    (pad "1" smd roundrect (at -0.7875 0) (size 0.875 0.95) (layers "F.Cu" "F.Paste" "F.Mask") (roundrect_rratio 0.25)
      (net 21 "LED_CS_2_B"))
    (pad "2" smd roundrect (at 0.7875 0) (size 0.875 0.95) (layers "F.Cu" "F.Paste" "F.Mask") (roundrect_rratio 0.25)
      (net 64 "/LED_Driver/CS31"))
    (model "${KISYS3DMOD}/Resistor_SMD.3dshapes/R_0603_1608Metric.wrl"
      (at (xyz 0 0 0))
      (scale (xyz 1 1 1))
      (rotate (xyz 0 0 0))
    )
  )

  (module "Resistor_SMD:R_0603_1608Metric" (layer "F.Cu") (tedit 5B301BBD) (tstamp 5C6BC3A7)
    (at 34.71 24.650428)
    (descr "Resistor SMD 0603 (1608 Metric), square (rectangular) end terminal, IPC_7351 nominal, (Body size source: http://www.tortai-tech.com/upload/download/2011102023233369053.pdf), generated with kicad-footprint-generator")
    (tags "resistor")
    (path "/5BA7154C/5B5FB2A8")
    (attr smd)
    (fp_text reference "R47" (at 0 -1.17 180) (layer "F.SilkS")
      (effects (font (size 1 1) (thickness 0.15)))
    )
    (fp_text value "100" (at 0 1.17 180) (layer "F.Fab")
      (effects (font (size 1 1) (thickness 0.15)))
    )
    (fp_line (start -0.8 0.4) (end -0.8 -0.4) (layer "F.Fab") (width 0.1))
    (fp_line (start -0.8 -0.4) (end 0.8 -0.4) (layer "F.Fab") (width 0.1))
    (fp_line (start 0.8 -0.4) (end 0.8 0.4) (layer "F.Fab") (width 0.1))
    (fp_line (start 0.8 0.4) (end -0.8 0.4) (layer "F.Fab") (width 0.1))
    (fp_line (start -0.162779 -0.51) (end 0.162779 -0.51) (layer "F.SilkS") (width 0.12))
    (fp_line (start -0.162779 0.51) (end 0.162779 0.51) (layer "F.SilkS") (width 0.12))
    (fp_line (start -1.48 0.73) (end -1.48 -0.73) (layer "F.CrtYd") (width 0.05))
    (fp_line (start -1.48 -0.73) (end 1.48 -0.73) (layer "F.CrtYd") (width 0.05))
    (fp_line (start 1.48 -0.73) (end 1.48 0.73) (layer "F.CrtYd") (width 0.05))
    (fp_line (start 1.48 0.73) (end -1.48 0.73) (layer "F.CrtYd") (width 0.05))
    (fp_text user "%R" (at 0 0 180) (layer "F.Fab")
      (effects (font (size 0.25 0.25) (thickness 0.04)))
    )
    (pad "2" smd roundrect (at 0.7875 0) (size 0.875 0.95) (layers "F.Cu" "F.Paste" "F.Mask") (roundrect_rratio 0.25)
      (net 63 "/LED_Driver/CS32"))
    (pad "1" smd roundrect (at -0.7875 0) (size 0.875 0.95) (layers "F.Cu" "F.Paste" "F.Mask") (roundrect_rratio 0.25)
      (net 22 "LED_CS_2_G"))
    (model "${KISYS3DMOD}/Resistor_SMD.3dshapes/R_0603_1608Metric.wrl"
      (at (xyz 0 0 0))
      (scale (xyz 1 1 1))
      (rotate (xyz 0 0 0))
    )
  )

  (module "Resistor_SMD:R_0603_1608Metric" (layer "F.Cu") (tedit 5B301BBD) (tstamp 5C6B76C1)
    (at 38.21 25.150428)
    (descr "Resistor SMD 0603 (1608 Metric), square (rectangular) end terminal, IPC_7351 nominal, (Body size source: http://www.tortai-tech.com/upload/download/2011102023233369053.pdf), generated with kicad-footprint-generator")
    (tags "resistor")
    (path "/5BA7154C/5BD93F37")
    (attr smd)
    (fp_text reference "R46" (at 0 -1.17 180) (layer "F.SilkS")
      (effects (font (size 1 1) (thickness 0.15)))
    )
    (fp_text value "140" (at 0 1.17 180) (layer "F.Fab")
      (effects (font (size 1 1) (thickness 0.15)))
    )
    (fp_line (start -0.8 0.4) (end -0.8 -0.4) (layer "F.Fab") (width 0.1))
    (fp_line (start -0.8 -0.4) (end 0.8 -0.4) (layer "F.Fab") (width 0.1))
    (fp_line (start 0.8 -0.4) (end 0.8 0.4) (layer "F.Fab") (width 0.1))
    (fp_line (start 0.8 0.4) (end -0.8 0.4) (layer "F.Fab") (width 0.1))
    (fp_line (start -0.162779 -0.51) (end 0.162779 -0.51) (layer "F.SilkS") (width 0.12))
    (fp_line (start -0.162779 0.51) (end 0.162779 0.51) (layer "F.SilkS") (width 0.12))
    (fp_line (start -1.48 0.73) (end -1.48 -0.73) (layer "F.CrtYd") (width 0.05))
    (fp_line (start -1.48 -0.73) (end 1.48 -0.73) (layer "F.CrtYd") (width 0.05))
    (fp_line (start 1.48 -0.73) (end 1.48 0.73) (layer "F.CrtYd") (width 0.05))
    (fp_line (start 1.48 0.73) (end -1.48 0.73) (layer "F.CrtYd") (width 0.05))
    (fp_text user "%R" (at 0 0 180) (layer "F.Fab")
      (effects (font (size 0.25 0.25) (thickness 0.04)))
    )
